"PCORRES"	"Lower_Limit"	"Upper_Limit"
"1"	0	5	500
"2"	0	5	500
"3"	0	5	500
"4"	0	5	100
"5"	0	5	100
"6"	0	5	100
"7"	0	5	100
"8"	0	5	100
"9"	0	5	100
"10"	0	5	100
"11"	0	5	100
"12"	0	5	100
"13"	0	5	100
"14"	0	5	100
"15"	0	5	100
"16"	0	5	500
"17"	0	5	500
"18"	0	5	500
"19"	0	5	100
"20"	0	5	100
"21"	0	5	100
"22"	0	5	100
"23"	0	5	100
"24"	0	5	100
"25"	0	5	500
"26"	0	5	500
"27"	0	5	500
"28"	0	5	100
"29"	0	5	100
"30"	0	5	100
"31"	0	5	100
"32"	0	5	100
"33"	0	5	100
"34"	0	5	500
"35"	0	5	500
"36"	0	5	500
"37"	0	5	100
"38"	0	5	100
"39"	0	5	100
"40"	0	5	100
"41"	0	5	100
"42"	0	5	100
"43"	0	5	100
"44"	0	5	100
"45"	0	5	100
"46"	0	5	100
"47"	0	5	100
"48"	0	5	100
"49"	0	5	100
"50"	0	5	100
"51"	0	5	500
"52"	0	5	500
"53"	0	5	500
"54"	0	5	100
"55"	0	5	100
"56"	0	5	100
"57"	0	5	100
"58"	0	5	100
"59"	0	5	100
"60"	0	5	100
"61"	0	5	100
"62"	0	5	100
"63"	0	5	100
"64"	0	5	100
"65"	0	5	100
"66"	0	5	100
"67"	0	5	500
"68"	0	5	500
"69"	0	5	500
"70"	0	5	100
"71"	0	5	100
"72"	0	5	100
"73"	0	5	100
"74"	0	5	100
"75"	0	5	100
"76"	0	5	500
"77"	0	5	500
"78"	0	5	500
"79"	0	5	100
"80"	0	5	100
"81"	0	5	500
"82"	0	5	500
"83"	0	5	500
"84"	0	5	100
"85"	0	5	500
"86"	0	5	500
"87"	0	5	500
"88"	0	5	100
"89"	0	5	100
"90"	0	5	100
"91"	0	5	100
"92"	0	5	100
"93"	0	5	100
"94"	0	5	100
"95"	0	5	100
"96"	0	5	100
"97"	0	5	100
"98"	0	5	100
"99"	0	5	100
"100"	0	5	100
"101"	0	5	500
"102"	0	5	500
"103"	0	5	500
"104"	0	5	500
"105"	0	5	500
"106"	0	5	500
"107"	0	5	500
"108"	0	5	100
"109"	0	5	100
"110"	0	5	100
"111"	0	5	100
"112"	0	5	100
"113"	0	5	500
"114"	0	5	500
"115"	0	5	100
"116"	0	5	100
"117"	0	5	500
"118"	0	5	500
"119"	0	5	500
"120"	0	5	100
"121"	0	5	100
"122"	0	5	100
"123"	0	5	100
"124"	0	5	100
"125"	0	5	100
"126"	0	5	100
"127"	0	5	100
"128"	0	5	100
"129"	0	5	500
"130"	0	5	500
"131"	0	5	500
"132"	0	5	100
"133"	0	5	100
"134"	0	5	100
"135"	0	5	100
"136"	0	5	100
"137"	0	5	100
"138"	0	5	500
"139"	0	5	500
"140"	0	5	500
"141"	0	5	100
"142"	0	5	100
"143"	0	5	100
"144"	0	5	100
"145"	0	5	100
"146"	0	5	500
"147"	0	5	500
"148"	0	5	500
"149"	0	5	100
"150"	0	5	100
"151"	0	5	100
"152"	0	5	100
"153"	0	5	100
"154"	0	5	100
"155"	0	5	100
"156"	0	5	100
"157"	0	5	100
"158"	0	5	100
"159"	0	5	100
"160"	0	5	100
"161"	0	5	100
"162"	0	5	100
"163"	533.9032218	5	500
"164"	523.9230985	5	500
"165"	838.2192116	5	100
"166"	480.1440046	5	100
"167"	406.9366023	5	100
"168"	574.7328363	5	100
"169"	707.0265619	5	100
"170"	764.7624292	5	100
"171"	365.4602507	5	100
"172"	845.9053513	5	100
"173"	209.6241902	5	100
"174"	751.1109146	5	100
"175"	610.1141492	5	500
"176"	544.6348554	5	500
"177"	104.5414042	5	100
"178"	661.9659769	5	100
"179"	980.3583391	5	100
"180"	320.8411414	5	100
"181"	237.9129743	5	100
"182"	714.9322239	5	100
"183"	148.3117952	5	100
"184"	262.0135298	5	100
"185"	507.6234059	5	100
"186"	400.820025	5	100
"187"	310.1340237	5	100
"188"	551.8002551	5	100
"189"	979.6480299	5	500
"190"	969.7805564	5	500
"191"	347.3759884	5	100
"192"	217.1615143	5	100
"193"	110.8070023	5	100
"194"	717.7069605	5	100
"195"	370.2629051	5	100
"196"	566.8379089	5	100
"197"	603.8534991	5	100
"198"	994.6661019	5	100
"199"	205.5774469	5	100
"200"	578.8978139	5	100
"201"	538.7282842	5	100
"202"	612.9611966	5	100
"203"	586.0050889	5	100
"204"	332.8835634	5	100
"205"	559.7069546	5	500
"206"	913.4542079	5	100
"207"	834.3194429	5	100
"208"	121.7946157	5	100
"209"	295.2035242	5	100
"210"	139.7926168	5	100
"211"	575.9739851	5	100
"212"	619.267507	5	100
"213"	795.8987033	5	100
"214"	132.1191858	5	100
"215"	502.6905382	5	100
"216"	720.8654047	5	100
"217"	0	5	100
"218"	814.664113	5	100
"219"	909.1691603	5	500
"220"	959.633601	5	500
"221"	967.5290357	5	100
"222"	970.0717324	5	100
"223"	284.0579575	5	100
"224"	976.5906418	5	100
"225"	548.0036039	5	500
"226"	945.3606005	5	100
"227"	322.0718922	5	100
"228"	925.2037668	5	100
"229"	161.9725878	5	100
"230"	252.64581	5	100
"231"	430.9613216	5	100
"232"	599.0403688	5	100
"233"	495.7902634	5	100
"234"	417.2171347	5	100
"235"	955.0691542	5	100
"236"	852.9063218	5	100
"237"	600.3621806	5	100
"238"	314.8407709	5	100
"239"	272.4534214	5	100
"240"	864.8702504	5	100
"241"	512.7109367	5	500
"242"	579.3424798	5	500
"243"	577.3081719	5	500
"244"	319.6996669	5	100
"245"	879.1090538	5	100
"246"	645.6707975	5	100
"247"	109.2638745	5	100
"248"	765.1228262	5	100
"249"	608.1019003	5	100
"250"	388.455678	5	100
"251"	300.5688134	5	100
"252"	427.00681	5	100
"253"	918.2838882	5	100
"254"	744.9507958	5	100
"255"	630.0803378	5	500
"256"	867.8978278	5	500
"257"	425.5521043	5	100
"258"	367.9158661	5	100
"259"	761.8875543	5	100
"260"	635.7208456	5	100
"261"	257.9484757	5	100
"262"	444.8314417	5	100
"263"	270.5818311	5	100
"264"	616.8997207	5	100
"265"	653.3033863	5	100
"266"	841.3106926	5	100
"267"	275.3471472	5	100
"268"	776.4698617	5	500
"269"	392.0815622	5	100
"270"	288.5938883	5	100
"271"	855.7613291	5	100
"272"	635.0365021	5	100
"273"	725.9915254	5	100
"274"	810.9644033	5	500
"275"	673.1585103	5	500
"276"	146.5517517	5	100
"277"	732.9397719	5	100
"278"	542.6767103	5	100
"279"	779.2141971	5	100
"280"	631.527602	5	100
"281"	530.3256591	5	100
"282"	562.7826553	5	100
"283"	236.6252134	5	100
"284"	935.3202361	5	100
"285"	940.7236898	5	100
"286"	460.6869191	5	100
"287"	885.6804736	5	100
"288"	790.7324234	5	100
"289"	796.6362731	5	500
"290"	723.7934354	5	500
"291"	293.2314043	5	100
"292"	187.429806	5	100
"293"	472.8583048	5	100
"294"	551.4025912	5	100
"295"	562.5603174	5	100
"296"	663.4637497	5	100
"297"	441.9503703	5	100
"298"	810.925611	5	100
"299"	159.8045723	5	100
"300"	644.4462438	5	100
"301"	239.9442513	5	100
"302"	841.5706345	5	100
"303"	741.0809356	5	100
"304"	821.4091991	5	100
"305"	819.8222021	5	100
"306"	640.8836944	5	100
"307"	792.8972433	5	100
"308"	942.4397274	5	100
"309"	175.3857119	5	100
"310"	712.4034588	5	100
"311"	531.8457254	5	100
"312"	154.7441373	5	100
"313"	805.4318414	5	500
"314"	607.3043497	5	500
"315"	528.6562188	5	500
"316"	985.2484507	5	100
"317"	917.0562291	5	100
"318"	535.3879359	5	100
"319"	207.415076	5	100
"320"	200.2527225	5	100
"321"	973.7763305	5	100
"322"	168.5548059	5	100
"323"	935.9827397	5	100
"324"	984.5266514	5	100
"325"	260.7037587	5	100
"326"	916.3985131	5	500
"327"	948.9780157	5	500
"328"	749.1204785	5	100
"329"	635.3877248	5	500
"330"	799.6382389	5	500
"331"	885.1259179	5	100
"332"	501.9235404	5	500
"333"	555.1707417	5	500
"334"	694.4806213	5	500
"335"	373.1091437	5	100
"336"	710.3856085	5	100
"337"	286.5942589	5	100
"338"	656.5299126	5	100
"339"	408.5731115	5	100
"340"	977.1892383	5	100
"341"	687.4755505	5	100
"342"	932.6732456	5	100
"343"	140.9182757	5	100
"344"	854.3451325	5	100
"345"	986.6655553	5	100
"346"	831.9392084	5	100
"347"	868.471766	5	100
"348"	907.617844	5	500
"349"	917.5637817	5	500
"350"	900.0031945	5	100
"351"	251.8503345	5	100
"352"	176.3899702	5	100
"353"	329.0712636	5	100
"354"	956.4932571	5	100
"355"	728.3715827	5	500
"356"	404.7283756	5	100
"357"	842.0959732	5	100
"358"	670.8444797	5	100
"359"	738.6261545	5	500
"360"	733.8512639	5	100
"361"	605.5607634	5	100
"362"	389.6010033	5	100
"363"	912.5589452	5	500
"364"	855.8340312	5	100
"365"	691.0867422	5	100
"366"	113.2524499	5	100
"367"	904.8446775	5	100
"368"	336.2269768	5	100
"369"	590.228356	5	100
"370"	127.6295158	5	100
"371"	947.6728067	5	500
"372"	797.0399704	5	500
"373"	806.2823782	5	500
"374"	141.4811948	5	100
"375"	627.161837	5	100
"376"	593.6019778	5	100
"377"	947.3480279	5	100
"378"	616.0331404	5	500
"379"	854.806102	5	500
"380"	287.4365659	5	100
"381"	275.0356361	5	100
"382"	323.2388925	5	100
"383"	792.0335508	5	100
"384"	615.1431597	5	100
"385"	321.3031232	5	100
"386"	827.7155149	5	100
"387"	224.8167669	5	100
"388"	807.1022835	5	500
"389"	692.8301364	5	500
"390"	307.9025933	5	100
"391"	147.8608895	5	100
"392"	283.0095986	5	100
"393"	652.5001367	5	100
"394"	861.1826924	5	100
"395"	155.4532172	5	100
"396"	123.1551449	5	100
"397"	147.9267441	5	100
"398"	373.5543342	5	100
"399"	529.6625613	5	100
"400"	295.1531017	5	100
"401"	660.2418209	5	100
"402"	420.0467408	5	100
"403"	613.5876423	5	100
"404"	569.3921496	5	500
"405"	993.4593473	5	500
"406"	348.6945197	5	100
"407"	445.6455958	5	100
"408"	749.0472776	5	100
"409"	798.5544691	5	500
"410"	612.5971221	5	500
"411"	890.8307088	5	500
"412"	477.834369	5	100
"413"	977.0148473	5	500
"414"	562.8442363	5	100
"415"	922.2288091	5	100
"416"	737.6083069	5	100
"417"	503.5102126	5	500
"418"	833.0916467	5	500
"419"	422.3420287	5	100
"420"	369.5643688	5	100
"421"	906.2233638	5	500
"422"	953.6302475	5	500
"423"	296.4076558	5	100
"424"	986.7436583	5	100
"425"	413.5371648	5	100
"426"	447.3956654	5	100
"427"	387.4810525	5	100
"428"	948.5099966	5	100
"429"	954.8264493	5	500
"430"	956.7782743	5	500
"431"	175.7458817	5	100
"432"	561.1864619	5	100
"433"	434.361219	5	100
"434"	592.8515881	5	100
"435"	629.4225255	5	100
"436"	365.6022291	5	100
"437"	388.21231	5	100
"438"	287.1021355	5	100
"439"	440.0777738	5	100
"440"	400.3449205	5	100
"441"	885.1433157	5	100
"442"	955.287987	5	500
"443"	831.3549719	5	500
"444"	862.5420017	5	100
"445"	735.1964995	5	100
"446"	938.4568714	5	100
"447"	504.8303777	5	100
"448"	779.7530193	5	500
"449"	582.5576253	5	100
"450"	344.2595379	5	100
"451"	558.3894454	5	100
"452"	250.9039775	5	100
"453"	357.2312142	5	100
"454"	265.8456109	5	100
"455"	488.5180869	5	100
"456"	790.2312691	5	100
"457"	448.2003956	5	100
"458"	598.7925421	5	100
"459"	926.6971648	5	100
"460"	645.6426095	5	100
"461"	535.9536924	5	500
"462"	552.3765559	5	500
"463"	117.3702554	5	100
"464"	887.5437659	5	100
"465"	565.2542092	5	100
"466"	124.2537172	5	100
"467"	755.4248194	5	500
"468"	928.6520087	5	100
"469"	936.9087701	5	500
"470"	600.6594763	5	100
"471"	852.6595123	5	100
"472"	257.1211678	5	100
"473"	537.8459111	5	100
"474"	810.7544222	5	100
"475"	632.4820919	5	100
"476"	984.7849874	5	100
"477"	179.0343923	5	100
"478"	743.538566	5	100
"479"	709.7796027	5	100
"480"	725.8695477	5	500
"481"	571.7499116	5	500
"482"	346.5633284	5	100
"483"	898.4215223	5	500
"484"	409.0060376	5	100
"485"	259.2824284	5	100
"486"	893.5021874	5	500
"487"	882.8664806	5	100
"488"	266.1721737	5	100
"489"	511.7991339	5	100
"490"	148.8309608	5	100
"491"	356.9469879	5	100
"492"	563.5697341	5	100
"493"	831.4274974	5	100
"494"	926.8998377	5	100
"495"	396.8400235	5	100
"496"	774.1501234	5	100
"497"	646.7670119	5	500
"498"	894.9705944	5	500
"499"	707.8453604	5	100
"500"	215.8195296	5	100
"501"	661.1709749	5	100
"502"	113.2556543	5	100
"503"	117.6041392	5	100
"504"	413.4860827	5	100
"505"	178.5761667	5	100
"506"	214.0661122	5	100
"507"	799.0512292	5	500
"508"	804.8874398	5	500
"509"	527.8453639	5	100
"510"	942.3744148	5	100
"511"	546.4873753	5	100
"512"	792.1398631	5	100
"513"	282.74524	5	100
"514"	318.4724879	5	100
"515"	518.6624146	5	100
"516"	755.2556207	5	100
"517"	912.1040253	5	100
"518"	184.4965618	5	100
"519"	4.654069483	5	100
"520"	351.0640864	5	100
"521"	956.5060067	5	100
"522"	425.8077365	5	100
"523"	288.7910025	5	100
"524"	952.647589	5	100
"525"	968.4182736	5	100
"526"	491.0551186	5	100
"527"	726.5744094	5	500
"528"	686.0148341	5	500
"529"	904.0268542	5	100
"530"	404.2313513	5	100
"531"	406.8395185	5	100
"532"	517.3930849	5	100
"533"	454.3000859	5	100
"534"	170.7066416	5	100
"535"	146.8329033	5	100
"536"	516.3264016	5	100
"537"	168.4074553	5	100
"538"	326.1608775	5	100
"539"	693.5922501	5	100
"540"	828.1166962	5	500
"541"	507.0018753	5	500
"542"	261.7460116	5	100
"543"	362.2062062	5	100
"544"	469.292174	5	100
"545"	958.8939075	5	100
"546"	388.0348376	5	100
"547"	882.853431	5	100
"548"	802.5178627	5	100
"549"	826.6835243	5	500
"550"	709.7018213	5	500
"551"	539.1434531	5	500
"552"	835.4955428	5	100
"553"	423.7692284	5	100
"554"	183.2180577	5	100
"555"	996.4691105	5	100
"556"	921.3134847	5	100
"557"	259.0855307	5	100
"558"	982.5232689	5	100
"559"	349.427118	5	100
"560"	361.0443446	5	100
"561"	896.9866875	5	100
"562"	763.9575883	5	500
"563"	594.9548412	5	500
"564"	776.2494736	5	500
"565"	611.5700875	5	100
"566"	190.2164764	5	100
"567"	796.3255266	5	100
"568"	993.7437675	5	100
"569"	345.1205409	5	100
"570"	347.4270308	5	100
"571"	883.0908296	5	100
"572"	290.6373451	5	100
"573"	643.4910384	5	100
"574"	184.1453375	5	100
"575"	163.9318216	5	100
"576"	671.4935587	5	100
"577"	169.8706984	5	100
"578"	877.8758642	5	500
"579"	638.8924505	5	100
"580"	320.7272139	5	100
"581"	468.7353689	5	100
"582"	909.8755504	5	500
"583"	860.8428923	5	500
"584"	538.52183	5	500
"585"	474.7122914	5	100
"586"	768.8329738	5	100
"587"	291.1419091	5	100
"588"	836.9084778	5	100
"589"	863.5521869	5	100
"590"	306.2953918	5	100
"591"	390.1974602	5	100
"592"	764.1692364	5	100
"593"	949.7333196	5	100
"594"	189.6505464	5	100
"595"	427.5712383	5	100
"596"	727.6940521	5	100
"597"	723.4504471	5	500
"598"	592.3329748	5	500
"599"	674.025169	5	100
"600"	307.7983011	5	100
"601"	798.7556343	5	100
"602"	842.53741	5	100
"603"	506.3856319	5	100
"604"	530.4972358	5	100
"605"	274.8190443	5	100
"606"	965.3264623	5	500
"607"	521.0467962	5	500
"608"	151.8089556	5	100
"609"	506.3229548	5	100
"610"	310.4109049	5	100
"611"	594.4928153	5	100
"612"	227.3165392	5	100
"613"	143.1583964	5	100
"614"	885.0597331	5	100
"615"	112.3021193	5	100
"616"	681.0648082	5	500
"617"	787.7249641	5	100
"618"	730.2899066	5	100
"619"	596.3707866	5	100
"620"	723.9356518	5	500
"621"	603.9090247	5	100
"622"	179.2210668	5	100
"623"	847.5440167	5	100
"624"	719.3797423	5	100
"625"	644.3121166	5	100
"626"	687.2670638	5	100
"627"	340.7040243	5	100
"628"	383.3018734	5	100
"629"	301.173991	5	100
"630"	468.5512513	5	100
"631"	780.6038405	5	500
"632"	658.8266077	5	500
"633"	479.6405054	5	100
"634"	425.2665465	5	100
"635"	930.6290343	5	500
"636"	942.3476919	5	100
"637"	564.7616064	5	100
"638"	345.7034049	5	100
"639"	929.4167933	5	100
"640"	173.7142533	5	100
"641"	841.1352614	5	100
"642"	459.2952068	5	100
"643"	560.505546	5	500
"644"	997.1494006	5	500
"645"	736.6083307	5	100
"646"	903.5680994	5	100
"647"	715.063323	5	500
"648"	882.8451678	5	500
"649"	958.5883796	5	500
"650"	628.0641854	5	100
"651"	101.4272466	5	100
"652"	209.9213558	5	100
"653"	194.5978277	5	100
"654"	518.5836784	5	500
"655"	928.695002	5	500
"656"	581.6472129	5	500
"657"	101.5445823	5	100
"658"	812.4153573	5	100
"659"	194.6877599	5	100
"660"	269.6622883	5	100
"661"	898.4121308	5	500
"662"	724.0035948	5	500
"663"	735.4620924	5	100
"664"	526.9686896	5	100
"665"	251.688593	5	100
"666"	616.3638623	5	100
"667"	540.6492072	5	100
"668"	281.8428977	5	100
"669"	514.9067202	5	100
"670"	140.6030916	5	100
"671"	620.7398452	5	500
"672"	118.8857905	5	100
"673"	778.0124573	5	100
"674"	737.9515772	5	100
"675"	643.8665268	5	100
"676"	572.2418521	5	100
"677"	944.6243914	5	100
"678"	671.4788047	5	500
"679"	916.6295738	5	500
"680"	146.7762587	5	100
"681"	998.8306907	5	100
"682"	825.7356716	5	500
"683"	975.5782508	5	500
"684"	308.2964012	5	100
"685"	668.3773732	5	100
"686"	884.7904548	5	100
"687"	557.9229237	5	100
"688"	470.0585182	5	100
"689"	816.464382	5	500
"690"	761.890887	5	500
"691"	765.5075258	5	100
"692"	853.6034321	5	100
"693"	281.0376526	5	100
"694"	799.8776412	5	100
"695"	577.5491487	5	500
"696"	986.6411842	5	500
"697"	659.9273475	5	100
"698"	342.473897	5	100
"699"	145.9201659	5	100
"700"	422.8581089	5	100
"701"	145.5940753	5	100
"702"	880.378813	5	100
"703"	331.1116742	5	100
"704"	594.1984792	5	100
"705"	990.2028155	5	100
"706"	260.4516805	5	100
"707"	111.2594563	5	100
"708"	946.4360194	5	500
"709"	310.1984069	5	100
"710"	861.1897591	5	100
"711"	824.9927188	5	100
"712"	614.777179	5	100
"713"	263.947496	5	100
"714"	239.9873692	5	100
"715"	928.6234605	5	100
"716"	744.5026931	5	100
"717"	852.4661906	5	100
"718"	447.6481022	5	100
"719"	576.6815441	5	100
"720"	933.9540752	5	500
"721"	902.197702	5	100
"722"	761.8034796	5	100
"723"	978.8056167	5	100
"724"	475.1696645	5	100
"725"	841.8217125	5	100
"726"	403.8105708	5	100
"727"	964.1225544	5	100
"728"	301.320654	5	100
"729"	866.7376016	5	100
"730"	701.8060134	5	100
"731"	473.979907	5	100
"732"	348.0393903	5	100
"733"	736.098233	5	500
"734"	266.4159531	5	100
"735"	814.0128154	5	100
"736"	325.4432541	5	100
"737"	358.2107845	5	100
"738"	816.9627982	5	100
"739"	304.2090035	5	100
"740"	653.2370644	5	500
"741"	983.7318192	5	100
"742"	427.4634879	5	100
"743"	816.4899397	5	100
"744"	135.2211235	5	100
"745"	827.6376135	5	100
"746"	781.1358215	5	100
"747"	443.2466915	5	100
"748"	745.2495384	5	100
"749"	962.9816388	5	100
"750"	263.4589175	5	100
"751"	602.1548169	5	100
"752"	246.9543742	5	100
"753"	538.5948676	5	100
"754"	274.1264311	5	100
"755"	128.3343186	5	100
"756"	971.4112334	5	500
"757"	703.7640913	5	100
"758"	715.6618828	5	100
"759"	521.3559978	5	100
"760"	967.9299706	5	500
"761"	496.6206607	5	100
"762"	894.0171101	5	100
"763"	826.5129783	5	100
"764"	961.0750751	5	100
"765"	772.1608668	5	100
"766"	743.5047123	5	100
"767"	578.5755593	5	100
"768"	706.1766497	5	100
"769"	890.9430283	5	500
"770"	609.6759645	5	500
"771"	551.511373	5	500
"772"	469.994508	5	100
"773"	196.5236426	5	100
"774"	974.8244817	5	100
"775"	743.2529451	5	100
"776"	712.8564672	5	500
"777"	909.7618113	5	500
"778"	871.573368	5	500
"779"	399.8940787	5	100
"780"	843.8408119	5	100
"781"	658.2189904	5	100
"782"	502.483429	5	100
"783"	857.7998668	5	100
"784"	994.9131747	5	500
"785"	868.4104911	5	500
"786"	502.4937117	5	100
"787"	945.4643696	5	100
"788"	810.1659568	5	100
"789"	799.183228	5	500
"790"	918.9544653	5	500
"791"	125.1360893	5	100
"792"	480.0278188	5	100
"793"	828.5231981	5	100
"794"	121.5898554	5	100
"795"	719.8341606	5	500
"796"	168.581155	5	100
"797"	371.9863728	5	100
"798"	481.8668896	5	100
"799"	713.4168888	5	500
"800"	729.5901949	5	500
"801"	277.7401681	5	100
"802"	615.2753027	5	100
"803"	152.8293064	5	100
"804"	942.4866061	5	500
"805"	918.6669408	5	500
"806"	827.0726834	5	100
"807"	291.6332848	5	100
"808"	673.7225837	5	100
"809"	177.102111	5	100
"810"	836.7312289	5	100
"811"	924.2834669	5	100
"812"	184.844715	5	100
"813"	648.2978573	5	100
"814"	878.5260567	5	100
"815"	884.8805367	5	100
"816"	496.6489657	5	100
"817"	405.1302699	5	100
"818"	959.2517108	5	100
"819"	738.5155813	5	500
"820"	576.9876503	5	500
"821"	134.1302251	5	100
"822"	960.5583873	5	100
"823"	972.5179203	5	500
"824"	937.5657049	5	100
"825"	743.0842121	5	100
"826"	877.4140123	5	100
"827"	280.6935431	5	100
"828"	604.5155349	5	100
"829"	949.1211301	5	100
"830"	218.3889525	5	100
"831"	214.309668	5	100
"832"	373.7065755	5	100
"833"	910.0856261	5	100
"834"	437.4757654	5	100
"835"	747.0110584	5	500
"836"	845.5474308	5	500
"837"	514.3423231	5	100
"838"	672.0318742	5	100
"839"	216.9355771	5	100
"840"	778.9449747	5	100
"841"	147.3209516	5	100
"842"	648.7165709	5	500
"843"	730.0501416	5	500
"844"	930.8020953	5	100
"845"	511.7274909	5	100
"846"	861.9289837	5	100
"847"	955.9179107	5	100
"848"	645.3437084	5	100
"849"	657.9318272	5	100
"850"	509.1864501	5	100
"851"	460.3694422	5	100
"852"	252.3682448	5	100
"853"	275.2533773	5	100
"854"	689.2652026	5	100
"855"	507.4313957	5	500
"856"	345.0718059	5	100
"857"	822.7621862	5	100
"858"	943.2137044	5	100
"859"	936.6725141	5	100
"860"	957.645538	5	100
"861"	422.1102926	5	100
"862"	702.5566794	5	500
"863"	755.512159	5	500
"864"	913.7732131	5	100
"865"	896.3911132	5	100
"866"	316.655623	5	100
"867"	690.7540433	5	500
"868"	630.558638	5	100
"869"	851.7568644	5	100
"870"	533.526156	5	100
"871"	604.8810634	5	100
"872"	689.9391542	5	500
"873"	680.7241394	5	500
"874"	264.1614687	5	100
"875"	665.9684822	5	100
"876"	677.8178449	5	100
"877"	778.7564551	5	100
"878"	347.4169251	5	100
"879"	346.8521603	5	100
"880"	556.5396161	5	100
"881"	280.8652957	5	100
"882"	606.4032339	5	100
"883"	794.8455179	5	100
"884"	512.1168366	5	500
"885"	888.3627867	5	100
"886"	627.1461923	5	100
"887"	865.0143419	5	100
"888"	124.328396	5	100
"889"	389.6408182	5	100
"890"	563.8867318	5	100
"891"	419.8253849	5	100
"892"	541.6054566	5	100
"893"	182.732308	5	100
"894"	799.3107713	5	100
"895"	164.7509836	5	100
"896"	366.9322889	5	100
"897"	534.3902225	5	100
"898"	674.8290527	5	100
"899"	523.3845446	5	500
"900"	743.4964463	5	100
"901"	824.0720189	5	100
"902"	693.3751377	5	100
"903"	294.1423174	5	100
"904"	771.765555	5	100
"905"	828.4601019	5	500
"906"	611.6703003	5	500
"907"	957.7125599	5	100
"908"	571.5356859	5	500
"909"	699.8678574	5	500
"910"	582.5298928	5	500
"911"	795.2324633	5	100
"912"	185.6233512	5	100
"913"	304.4680321	5	100
"914"	444.6229263	5	100
"915"	288.1761475	5	100
"916"	263.0130881	5	100
"917"	846.5638825	5	500
"918"	292.7824763	5	100
"919"	272.8369975	5	100
"920"	582.9688204	5	100
"921"	799.9666702	5	100
"922"	916.7289875	5	100
"923"	710.128418	5	500
"924"	622.3215263	5	100
"925"	959.0180314	5	500
"926"	881.1416797	5	500
"927"	197.361361	5	100
"928"	126.8540305	5	100
"929"	942.4094829	5	100
"930"	787.0547852	5	100
"931"	527.0070398	5	100
"932"	262.2600068	5	100
"933"	567.9348977	5	100
"934"	324.9896987	5	100
"935"	108.1821833	5	100
"936"	205.1643365	5	100
"937"	743.8148835	5	100
"938"	381.2958022	5	100
"939"	905.6812086	5	100
"940"	674.3595134	5	100
"941"	422.9373767	5	100
"942"	447.0217987	5	100
"943"	395.950205	5	100
"944"	742.694674	5	100
"945"	161.8248632	5	100
"946"	857.8492729	5	100
"947"	925.227939	5	500
"948"	787.8545952	5	100
"949"	412.989476	5	100
"950"	777.8193645	5	100
"951"	697.5781771	5	100
"952"	136.8952554	5	100
"953"	387.5046428	5	100
"954"	679.0575798	5	100
"955"	108.9842216	5	100
"956"	631.4911567	5	100
"957"	697.3786996	5	100
"958"	783.3383328	5	100
"959"	100.3947056	5	100
"960"	269.7920548	5	100
"961"	889.9188616	5	100
"962"	564.8222616	5	100
"963"	294.3400265	5	100
"964"	922.9305077	5	500
"965"	105.8182589	5	100
"966"	943.6260974	5	100
"967"	396.0649999	5	100
"968"	555.4538516	5	100
"969"	212.3719541	5	100
"970"	387.941782	5	100
"971"	628.1178175	5	100
"972"	770.5219565	5	100
"973"	835.2561843	5	100
"974"	742.7692867	5	500
"975"	619.8881946	5	500
"976"	1.413961211	5	100
"977"	4.406288829	5	100
"978"	979.0152828	5	100
"979"	886.648446	5	100
"980"	346.042858	5	100
"981"	255.8043285	5	100
"982"	915.3876838	5	500
"983"	708.7252546	5	500
"984"	878.8435493	5	100
"985"	943.2373888	5	100
"986"	800.2445106	5	100
"987"	383.3142916	5	100
"988"	117.25201	5	100
"989"	877.3715475	5	100
"990"	873.6445713	5	100
"991"	960.6030129	5	500
"992"	590.1817981	5	100
"993"	221.5204346	5	100
"994"	377.7443163	5	100
"995"	785.4587339	5	100
"996"	340.6101658	5	100
"997"	629.491719	5	500
"998"	456.0347943	5	100
"999"	485.7814529	5	100
"1000"	687.5837218	5	100
"1001"	722.4348823	5	100
"1002"	914.284946	5	100
"1003"	470.23168	5	100
"1004"	884.1562087	5	100
"1005"	790.13895	5	100
"1006"	694.3052437	5	100
"1007"	492.329177	5	100
"1008"	802.8005955	5	100
"1009"	846.8761912	5	100
"1010"	668.7613767	5	100
"1011"	719.6224984	5	100
"1012"	537.388213	5	500
"1013"	707.1878879	5	100
"1014"	111.9949851	5	100
"1015"	877.434464	5	100
"1016"	876.8035512	5	500
"1017"	710.1871603	5	500
"1018"	580.4052997	5	500
"1019"	167.3412772	5	100
"1020"	545.4445302	5	100
"1021"	224.764259	5	100
"1022"	782.7597605	5	100
"1023"	198.4750214	5	100
"1024"	505.484013	5	100
"1025"	600.9450434	5	100
"1026"	526.6144149	5	500
"1027"	706.9578592	5	500
"1028"	271.8435709	5	100
"1029"	507.6189181	5	500
"1030"	677.0376884	5	500
"1031"	225.0547906	5	100
"1032"	675.2726532	5	100
"1033"	687.1575343	5	100
"1034"	496.8491869	5	100
"1035"	615.5185936	5	500
"1036"	966.2782337	5	500
"1037"	546.1196028	5	100
"1038"	290.2008629	5	100
"1039"	279.1719692	5	100
"1040"	322.1253796	5	100
"1041"	153.8955594	5	100
"1042"	744.5401835	5	100
"1043"	765.293961	5	500
"1044"	617.3875225	5	100
"1045"	883.4260232	5	100
"1046"	317.9218893	5	100
"1047"	873.3173122	5	100
"1048"	749.9421295	5	500
"1049"	977.3636926	5	500
"1050"	940.4561469	5	500
"1051"	544.7684505	5	100
"1052"	3.372289271	5	100
"1053"	665.4795637	5	100
"1054"	383.6566294	5	100
"1055"	105.9869975	5	100
"1056"	467.155752	5	100
"1057"	362.0562442	5	100
"1058"	998.6858849	5	100
"1059"	507.7372236	5	500
"1060"	790.6028548	5	500
"1061"	520.1932317	5	100
"1062"	686.2680159	5	100
"1063"	118.4802367	5	100
"1064"	764.7741573	5	100
"1065"	562.3664831	5	500
"1066"	990.6771259	5	500
"1067"	653.3069141	5	100
"1068"	120.6642525	5	100
"1069"	342.051158	5	100
"1070"	406.8634438	5	100
"1071"	700.1118048	5	500
"1072"	521.0283936	5	100
"1073"	847.4818961	5	100
"1074"	412.8058808	5	100
"1075"	569.6494811	5	100
"1076"	545.9222962	5	500
"1077"	637.0143219	5	100
"1078"	910.2198674	5	100
"1079"	731.260143	5	100
"1080"	149.8805478	5	100
"1081"	893.4224083	5	100
"1082"	672.1509818	5	100
"1083"	742.8588121	5	500
"1084"	688.4954461	5	100
"1085"	514.8974746	5	100
"1086"	553.5375955	5	100
"1087"	848.9770897	5	500
"1088"	715.7012325	5	500
"1089"	344.8988989	5	100
"1090"	428.7306452	5	100
"1091"	641.816916	5	100
"1092"	660.0984831	5	100
"1093"	916.4651302	5	100
"1094"	399.4406042	5	100
"1095"	708.4798869	5	100
"1096"	993.2539013	5	500
"1097"	986.0239236	5	100
"1098"	740.1382995	5	100
"1099"	614.269318	5	100
"1100"	487.1857747	5	100
"1101"	842.8613522	5	100
"1102"	553.8761644	5	100
"1103"	670.2374204	5	100
"1104"	275.0025522	5	100
"1105"	897.7606837	5	100
"1106"	593.2304077	5	100
"1107"	525.8117562	5	500
"1108"	108.2870267	5	100
"1109"	635.1959792	5	100
"1110"	994.3429042	5	100
"1111"	938.7968218	5	100
"1112"	168.0759628	5	100
"1113"	764.1775876	5	100
"1114"	410.6249301	5	100
"1115"	966.0479209	5	500
"1116"	379.0760523	5	100
"1117"	635.1797917	5	100
"1118"	643.5174962	5	100
"1119"	237.9006543	5	100
"1120"	421.5684076	5	100
"1121"	544.7370894	5	100
"1122"	964.2896751	5	100
"1123"	905.0490211	5	500
"1124"	505.636963	5	500
"1125"	710.5722087	5	100
"1126"	687.2171972	5	100
"1127"	200.6048697	5	100
"1128"	219.7912113	5	100
"1129"	517.34986	5	100
"1130"	332.6353428	5	100
"1131"	736.7242962	5	100
"1132"	826.980991	5	500
"1133"	646.8552731	5	500
"1134"	151.480009	5	100
"1135"	221.5806361	5	100
"1136"	490.4363041	5	100
"1137"	529.0067166	5	100
"1138"	171.4122779	5	100
"1139"	668.3191733	5	100
"1140"	729.4807566	5	500
"1141"	791.3665459	5	500
"1142"	482.285946	5	100
"1143"	267.9119868	5	100
"1144"	951.5451543	5	100
"1145"	175.3631114	5	100
"1146"	758.0608564	5	100
"1147"	344.5985472	5	100
"1148"	812.9688279	5	100
"1149"	997.1718976	5	500
"1150"	845.4793656	5	100
"1151"	646.1705014	5	100
"1152"	688.5149243	5	500
"1153"	265.0855013	5	100
"1154"	884.8553959	5	100
"1155"	771.5550452	5	100
"1156"	182.7036878	5	100
"1157"	876.1772359	5	500
"1158"	693.9066364	5	500
"1159"	897.7606315	5	500
"1160"	537.8268427	5	100
"1161"	845.9723632	5	100
"1162"	609.6497593	5	100
"1163"	418.1991494	5	100
"1164"	358.4826264	5	100
"1165"	773.371566	5	500
"1166"	691.1742722	5	100
"1167"	477.4564536	5	100
"1168"	167.3234022	5	100
"1169"	953.4438911	5	100
"1170"	697.1864581	5	100
"1171"	691.7424536	5	500
"1172"	555.0038499	5	500
"1173"	393.7179617	5	100
"1174"	457.6061295	5	100
"1175"	727.7141213	5	100
"1176"	122.1609119	5	100
"1177"	272.5916266	5	100
"1178"	344.0697335	5	100
"1179"	670.3526511	5	500
"1180"	748.1817443	5	500
"1181"	709.5764905	5	100
"1182"	389.6542992	5	100
"1183"	840.3336599	5	100
"1184"	882.7299511	5	100
"1185"	522.7036532	5	100
"1186"	923.3158703	5	100
"1187"	587.2019963	5	500
"1188"	723.7114131	5	100
"1189"	816.719077	5	100
"1190"	651.63528	5	100
"1191"	779.213607	5	100
"1192"	119.6074091	5	100
"1193"	103.4149922	5	100
"1194"	930.2279496	5	100
"1195"	460.3096635	5	100
"1196"	746.7992568	5	100
"1197"	802.7460729	5	500
"1198"	718.3349887	5	500
"1199"	422.0454202	5	100
"1200"	906.6648566	5	100
"1201"	260.0265274	5	100
"1202"	592.5241305	5	100
"1203"	213.1329914	5	100
"1204"	815.965021	5	100
"1205"	921.8724573	5	100
"1206"	463.8011593	5	100
"1207"	738.2969013	5	100
"1208"	305.7893843	5	100
"1209"	901.8328841	5	500
"1210"	595.1746247	5	500
"1211"	185.5592263	5	100
"1212"	344.2513287	5	100
"1213"	479.7819328	5	100
"1214"	587.8673429	5	100
"1215"	114.1581848	5	100
"1216"	577.1876679	5	100
"1217"	110.4635153	5	100
"1218"	384.8892609	5	100
"1219"	890.8775412	5	100
"1220"	428.7268915	5	100
"1221"	545.3103301	5	500
"1222"	792.6571226	5	100
"1223"	172.8486657	5	100
"1224"	475.4067589	5	100
"1225"	491.8033809	5	100
"1226"	684.665461	5	100
"1227"	575.6147223	5	100
"1228"	221.116329	5	100
"1229"	282.2004194	5	100
"1230"	680.4277977	5	100
"1231"	301.2066346	5	100
"1232"	284.6300306	5	100
"1233"	731.7935688	5	100
"1234"	692.9234624	5	100
"1235"	428.676396	5	100
"1236"	602.1756474	5	100
"1237"	682.9544372	5	100
"1238"	220.7953798	5	100
"1239"	647.3895493	5	500
"1240"	703.3522962	5	100
"1241"	311.3587153	5	100
"1242"	970.959038	5	100
"1243"	667.4634409	5	500
"1244"	627.60113	5	500
"1245"	283.6058308	5	100
"1246"	612.4890743	5	100
"1247"	863.0056999	5	100
"1248"	625.0338956	5	100
"1249"	148.9128022	5	100
"1250"	303.0619102	5	100
"1251"	679.0223867	5	100
"1252"	853.9499142	5	500
"1253"	569.2691998	5	500
"1254"	227.6916905	5	100
"1255"	651.5734457	5	100
"1256"	427.8223925	5	100
"1257"	296.7343447	5	100
"1258"	489.3676788	5	100
"1259"	469.7413081	5	100
"1260"	886.1236462	5	100
"1261"	412.874144	5	100
"1262"	828.8162449	5	100
"1263"	514.8297766	5	500
"1264"	552.7985928	5	500
"1265"	956.2748294	5	100
"1266"	710.5636128	5	100
"1267"	4.132451779	5	100
"1268"	428.4489594	5	100
"1269"	117.5881398	5	100
"1270"	590.305368	5	100
"1271"	719.4135792	5	100
"1272"	224.2461896	5	100
"1273"	282.8137251	5	100
"1274"	350.3805876	5	100
"1275"	771.7536902	5	500
"1276"	246.8387995	5	100
"1277"	264.4934809	5	100
"1278"	620.7146541	5	100
"1279"	274.3062617	5	100
"1280"	286.0475629	5	100
"1281"	108.081883	5	100
"1282"	680.4162616	5	500
"1283"	749.583524	5	500
"1284"	728.9503595	5	100
"1285"	129.2443846	5	100
"1286"	186.1908683	5	100
"1287"	240.6564094	5	100
"1288"	671.6662547	5	100
"1289"	963.9443831	5	100
"1290"	826.126176	5	500
"1291"	597.5763444	5	500
"1292"	932.4385674	5	100
"1293"	859.215226	5	500
"1294"	916.8044118	5	100
"1295"	506.7300182	5	100
"1296"	706.376802	5	500
"1297"	425.9333484	5	100
"1298"	807.0281486	5	100
"1299"	307.3772686	5	100
"1300"	169.7218266	5	100
"1301"	877.742541	5	500
"1302"	898.319382	5	500
"1303"	784.74674	5	500
"1304"	104.2697741	5	100
"1305"	195.3041584	5	100
"1306"	709.903189	5	100
"1307"	561.9376634	5	100
"1308"	624.2541708	5	100
"1309"	964.1691725	5	100
"1310"	985.3666432	5	500
"1311"	648.7705412	5	500
"1312"	681.5154736	5	100
"1313"	876.108564	5	100
"1314"	440.2456601	5	100
"1315"	698.9144107	5	100
"1316"	789.9070577	5	100
"1317"	767.8091859	5	100
"1318"	229.7693103	5	100
"1319"	730.3519558	5	100
"1320"	307.6266058	5	100
"1321"	118.0326828	5	100
"1322"	732.5968187	5	500
"1323"	984.2170204	5	500
"1324"	638.4857254	5	100
"1325"	974.6872016	5	100
"1326"	772.0633281	5	100
"1327"	969.2686259	5	100
"1328"	865.3010538	5	500
"1329"	145.2497758	5	100
"1330"	126.7510291	5	100
"1331"	991.6690355	5	100
"1332"	652.314061	5	100
"1333"	403.7500804	5	100
"1334"	286.1161937	5	100
"1335"	193.4230965	5	100
"1336"	984.4309954	5	100
"1337"	122.8115603	5	100
"1338"	839.2194818	5	500
"1339"	969.556222	5	100
"1340"	636.6298116	5	100
"1341"	830.2744122	5	100
"1342"	371.46592	5	100
"1343"	986.7351304	5	500
"1344"	802.146154	5	500
"1345"	664.178565	5	100
"1346"	386.3359296	5	100
"1347"	276.6291074	5	100
"1348"	229.2970097	5	100
"1349"	890.0657799	5	100
"1350"	836.3951706	5	500
"1351"	781.3661861	5	500
"1352"	906.8598464	5	500
"1353"	100.5822375	5	100
"1354"	723.7277101	5	100
"1355"	591.2463426	5	100
"1356"	863.9456609	5	500
"1357"	4.704856377	5	500
"1358"	963.6325119	5	100
"1359"	509.6605683	5	100
"1360"	838.0925374	5	100
"1361"	954.9254309	5	100
"1362"	461.4202218	5	100
"1363"	799.7270211	5	500
"1364"	447.1870953	5	100
"1365"	2.482666546	5	100
"1366"	571.9436618	5	100
"1367"	289.9773725	5	100
"1368"	840.2224647	5	100
"1369"	601.1683551	5	100
"1370"	754.0693872	5	100
"1371"	381.3534376	5	100
"1372"	935.6498071	5	100
"1373"	488.9584712	5	100
"1374"	770.1766448	5	100
"1375"	981.5845369	5	100
"1376"	483.3773036	5	100
"1377"	986.4846743	5	100
"1378"	610.630359	5	100
"1379"	792.4948295	5	500
"1380"	938.7834619	5	500
"1381"	324.7596571	5	100
"1382"	962.7468921	5	100
"1383"	484.4319154	5	100
"1384"	186.8039871	5	100
"1385"	407.2855664	5	100
"1386"	448.1058047	5	100
"1387"	0	5	100
"1388"	235.5590868	5	100
"1389"	760.5545074	5	100
"1390"	170.0877061	5	100
